   9.8052840e-01
   8.4433109e-01
   8.6290850e-01
   9.5322611e-01
   9.8062548e-01
   8.7374038e-01
   9.5310494e-01
   9.6750911e-01
   1.0091462e+00
   9.5242956e-01
   8.9304743e-01
   9.2336379e-01
   8.0537836e-01
   5.4064614e-01
   7.4454949e-01
   1.0723550e+00
   1.0839148e+00
   7.3691840e-01
   6.4678940e-01
   8.8781835e-01
   1.0502520e+00
   7.7216635e-01
   6.6980105e-01
   1.0561187e+00
   1.2996867e+00
   9.4443122e-01
   6.1378792e-01
   7.4273530e-01
   1.1922072e+00
   1.0873725e+00
   8.3911852e-01
   7.4895134e-01
   1.1583908e+00
   1.0955789e+00
   7.0003301e-01
   8.5883937e-01
   1.0114745e+00
   1.0910525e+00
   9.1567950e-01
   7.7988437e-01
   8.5621718e-01
   7.7572214e-01
   8.0997284e-01
   1.1636008e+00
   1.2980701e+00
   9.7219017e-01
   6.7987715e-01
   7.7934938e-01
   1.1275535e+00
   1.0004593e+00
   6.4693758e-01
   6.3200180e-01
   1.0278275e+00
   1.0633746e+00
   6.4064822e-01
   5.6624721e-01
   9.3688724e-01
   1.1385992e+00
   9.0781280e-01
   8.3737409e-01
   1.1717903e+00
   1.3536251e+00
   9.2578262e-01
   6.1708578e-01
   7.1324844e-01
   1.0089351e+00
   9.3098001e-01
   7.0768387e-01
   7.4947754e-01
   9.4536751e-01
   9.1184464e-01
   7.8131186e-01
   7.4582557e-01
   8.4641676e-01
   7.4707399e-01
   7.2320299e-01
   8.0233561e-01
   9.3256162e-01
   8.2020585e-01
   6.9821887e-01
   1.0040839e+00
   1.1293543e+00
   9.4336093e-01
   6.5126608e-01
   7.5735604e-01
   1.1199813e+00
   1.1338125e+00
   7.4394393e-01
   8.1222602e-01
   9.2745398e-01
   9.1754021e-01
   9.9708614e-01
   1.0191919e+00
   1.1984204e+00
   1.1346186e+00
   1.0369523e+00
   9.9038656e-01
   1.0847677e+00
   1.3080352e+00
   1.1386488e+00
   8.2986783e-01
   8.3603374e-01
   1.0096155e+00
   1.0982447e+00
   9.6868123e-01
   8.4248703e-01
   9.9903465e-01
   1.0390684e+00
   8.1061282e-01
   6.0291983e-01
   4.1844544e-01
   9.1155596e-01
   1.2058093e+00
   1.0528780e+00
   7.9256556e-01
   6.6157957e-01
   8.1157322e-01
   8.8998258e-01
   7.7050412e-01
   7.0851780e-01
   8.7730546e-01
   1.0234409e+00
   8.8142025e-01
   7.8749865e-01
   8.4859568e-01
   9.4773639e-01
   9.2666109e-01
   8.6304037e-01
   8.0738397e-01
   1.0220210e+00
   9.7592049e-01
   7.5824162e-01
   7.3550579e-01
   7.4129508e-01
   7.1395167e-01
   7.3699881e-01
   9.2786918e-01
   1.0375015e+00
   9.3098363e-01
   5.0319386e-01
   3.8804966e-01
   4.2799983e-01
   8.5352947e-01
   1.0990399e+00
   9.9350516e-01
   7.0123559e-01
   6.7162721e-01
   7.8561383e-01
   9.3401097e-01
   9.8831958e-01
   9.6842717e-01
   9.6195654e-01
   9.9629968e-01
   9.7655171e-01
   8.9170664e-01
   8.4014526e-01
   8.4873225e-01
   8.7340545e-01
   8.4588002e-01
   7.3497834e-01
   5.4178107e-01
   6.8569225e-01
   1.0243943e+00
   1.1709278e+00
   1.1986292e+00
   9.7028323e-01
   9.3556329e-01
   8.0505406e-01
   7.5219938e-01
   7.4795238e-01
   7.9237354e-01
   7.5388460e-01
   7.2302697e-01
   6.9702499e-01
   7.5338372e-01
   7.4040669e-01
   6.7591138e-01
   6.7052828e-01
   9.4242033e-01
   1.1091053e+00
   1.0707585e+00
   9.1169532e-01
   7.9868452e-01
   8.4289506e-01
   9.4218289e-01
   9.7472539e-01
   1.0677579e+00
   1.0195202e+00
   9.3680399e-01
   7.5050933e-01
   7.2985306e-01
   9.7448009e-01
   1.0525824e+00
   9.0266547e-01
   7.6178150e-01
   8.4599598e-01
   9.8679561e-01
   9.4220526e-01
   9.3276338e-01
   9.2036715e-01
   9.1223899e-01
   7.9762307e-01
   1.0159815e+00
   1.1278462e+00
   1.0687390e+00
   8.3800777e-01
   6.5552643e-01
   7.6787966e-01
   1.0868508e+00
   1.0564482e+00
   8.7157567e-01
   9.8969432e-01
   1.0875329e+00
   1.1102870e+00
   6.9133267e-01
   8.1095254e-01
   8.7919325e-01
   9.2606965e-01
   1.0679698e+00
   1.0112809e+00
   8.2677360e-01
   7.3277366e-01
   7.0687163e-01
   9.0046933e-01
   1.1340989e+00
   1.1242553e+00
   9.6451572e-01
   7.4427417e-01
   7.1554360e-01
   8.4225361e-01
   1.0709575e+00
   1.1238892e+00
   9.6819815e-01
   1.0018815e+00
   1.2068954e+00
   1.1682682e+00
   7.2103621e-01
   4.5201004e-01
   6.5118381e-01
   1.1380066e+00
   1.2989053e+00
   9.7047791e-01
   8.8823060e-01
   9.0692753e-01
   9.7712590e-01
   9.3499596e-01
   1.0446538e+00
   1.1792348e+00
   8.3645353e-01
   5.8464947e-01
   6.4614940e-01
   9.5159303e-01
   7.9747760e-01
   4.1561775e-01
   6.9761244e-01
   1.2050135e+00
   1.2168833e+00
   7.7142786e-01
   2.4841767e-01
   6.7577515e-01
   1.0749862e+00
   1.0189794e+00
   5.9190647e-01
   5.7862661e-01
   8.6978572e-01
   1.0795776e+00
   1.0439635e+00
   1.1026088e+00
   1.1962731e+00
   1.0575485e+00
   9.2009468e-01
   8.4344917e-01
   8.8830481e-01
   7.3336846e-01
   7.2851249e-01
   9.6354265e-01
   1.0801682e+00
   8.0421094e-01
   7.3791606e-01
   9.5571644e-01
   1.1689495e+00
   9.0765470e-01
   6.0323267e-01
   6.5406874e-01
   7.3910725e-01
   7.6637420e-01
   6.6972327e-01
   7.5800320e-01
   9.0276013e-01
   8.5584965e-01
   7.5418007e-01
   8.6602766e-01
   1.1663130e+00
   1.0900908e+00
   8.1353936e-01
   7.9954320e-01
   9.5113541e-01
   9.1685136e-01
   5.7138647e-01
   3.7480592e-01
   6.2669822e-01
   8.5943966e-01
   8.0131418e-01
   6.6718943e-01
   7.3245472e-01
   9.1847393e-01
   1.0186091e+00
   8.7760468e-01
   8.8103091e-01
   7.6378996e-01
   8.2329298e-01
   9.0856634e-01
   1.0613442e+00
   9.3909567e-01
   8.9159631e-01
   8.6574218e-01
   6.2992920e-01
   7.6888272e-01
   8.9908121e-01
   1.1284763e+00
   1.2312155e+00
   1.2154723e+00
   9.8089555e-01
   7.5961552e-01
   7.6559983e-01
   1.0950203e+00
   1.2428999e+00
   1.2278457e+00
   1.0409979e+00
   1.0339338e+00
   1.0885526e+00
   1.1031191e+00
   9.5098675e-01
   6.7706401e-01
   7.3748563e-01
   9.6061226e-01
   1.0357873e+00
   1.0489281e+00
   9.4616874e-01
   1.0135971e+00
   8.0009980e-01
   6.0052455e-01
   5.9125734e-01
   8.1591430e-01
   8.3994070e-01
   7.1945518e-01
   7.8492555e-01
   1.1031766e+00
   1.2341254e+00
   8.9767181e-01
   6.5858333e-01
   9.2082483e-01
   1.1400717e+00
   1.1542929e+00
   1.0732744e+00
   1.0309079e+00
   1.0517679e+00
   1.2052620e+00
   1.2503182e+00
   1.1333300e+00
   9.1911930e-01
   8.5975254e-01
   1.0662712e+00
   1.2365763e+00
   1.1029722e+00
   7.1580457e-01
   7.2945753e-01
   1.0980676e+00
   1.3748816e+00
   9.8514777e-01
   6.5372673e-01
   8.1653703e-01
   1.1136160e+00
   1.1990760e+00
   9.5502849e-01
   8.3014312e-01
   9.2337930e-01
   9.6407538e-01
   9.1860712e-01
   9.2574991e-01
   1.0360802e+00
   1.1019914e+00
   9.5344052e-01
   8.8854216e-01
   1.0526735e+00
   1.2406405e+00
   1.1774323e+00
   9.5487856e-01
   8.9239994e-01
   9.1132609e-01
   1.0472612e+00
   1.1359460e+00
   1.0594720e+00
   1.0673469e+00
   9.7391800e-01
   8.0633192e-01
   6.4405190e-01
   5.8479046e-01
   7.4627799e-01
   9.2338553e-01
   9.5563150e-01
   8.2702818e-01
   8.0557937e-01
   8.7309533e-01
   7.4434014e-01
   6.4883654e-01
   7.4209443e-01
   9.2654842e-01
   1.0267841e+00
   7.9015071e-01
   6.5514714e-01
   7.4741245e-01
   7.5960951e-01
   6.0429954e-01
   5.8864850e-01
   8.2584193e-01
   1.0081182e+00
   9.2261470e-01
   8.2638380e-01
   7.2904687e-01
   7.5468090e-01
   8.2044456e-01
   8.8019066e-01
   9.8778702e-01
   1.0090718e+00
   9.4911277e-01
   8.5236919e-01
   7.7428534e-01
   6.2033648e-01
   5.5193599e-01
   7.6009104e-01
   1.0109909e+00
   9.5081069e-01
   8.4226927e-01
   8.4848680e-01
   6.2722589e-01
   7.0563248e-01
   6.3245657e-01
   8.6962592e-01
   1.0229832e+00
   8.4682400e-01
   6.1460787e-01
   7.4590177e-01
   8.2125288e-01
   8.6000961e-01
   7.0630643e-01
   5.3170349e-01
   7.4164952e-01
   1.0211157e+00
   1.0652936e+00
   6.9756724e-01
   6.7517764e-01
   8.8429364e-01
   9.7593057e-01
   9.0197255e-01
   8.5961752e-01
   9.2861852e-01
   1.1281944e+00
   1.2582972e+00
   1.1640045e+00
   8.9903612e-01
   6.9416814e-01
   7.6753009e-01
   8.6535662e-01
   8.1799369e-01
   7.4791701e-01
   7.8090620e-01
   1.0991868e+00
   1.1396132e+00
   8.6555929e-01
   6.7977239e-01
   6.9461743e-01
   8.2428383e-01
   7.3683821e-01
   7.0432557e-01
   7.8509793e-01
   9.5859251e-01
   8.9553099e-01
   7.7598557e-01
   7.5823551e-01
   7.7210255e-01
   7.2028478e-01
   8.6844214e-01
   1.2838399e+00
   1.4707326e+00
   1.2101958e+00
   9.0583175e-01
   6.3241033e-01
   6.5859267e-01
   7.5267235e-01
   1.0369360e+00
   1.1189196e+00
   8.6129177e-01
   6.0668987e-01
   6.0206278e-01
   7.9567488e-01
   8.1426456e-01
   8.0636608e-01
   8.7896946e-01
   1.0021077e+00
   8.9150532e-01
   6.4337324e-01
   7.9737579e-01
   1.2641881e+00
   1.1622265e+00
   6.9444699e-01
   7.4545861e-01
   9.7688116e-01
   1.3423313e+00
   1.0959186e+00
   8.2312081e-01
   7.9480231e-01
   9.3539702e-01
   7.9480231e-01
   8.2312081e-01
   1.0959186e+00
   1.3423313e+00
   9.7688116e-01
   7.4545861e-01
   6.9444699e-01
   1.1622265e+00
   1.2641881e+00
   7.9737579e-01
   6.4337324e-01
   8.9150532e-01
   1.0021077e+00
   8.7896946e-01
   8.0636608e-01
   8.1426456e-01
   7.9567488e-01
   6.0206278e-01
   6.0668987e-01
   8.6129177e-01
   1.1189196e+00
   1.0369360e+00
   7.5267235e-01
   6.5859267e-01
   6.3241033e-01
   9.0583175e-01
   1.2101958e+00
   1.4707326e+00
   1.2838399e+00
   8.6844214e-01
   7.2028478e-01
   7.7210255e-01
   7.5823551e-01
   7.7598557e-01
   8.9553099e-01
   9.5859251e-01
   7.8509793e-01
   7.0432557e-01
   7.3683821e-01
   8.2428383e-01
   6.9461743e-01
   6.7977239e-01
   8.6555929e-01
   1.1396132e+00
   1.0991868e+00
   7.8090620e-01
   7.4791701e-01
   8.1799369e-01
   8.6535662e-01
   7.6753009e-01
   6.9416814e-01
   8.9903612e-01
   1.1640045e+00
   1.2582972e+00
   1.1281944e+00
   9.2861852e-01
   8.5961752e-01
   9.0197255e-01
   9.7593057e-01
   8.8429364e-01
   6.7517764e-01
   6.9756724e-01
   1.0652936e+00
   1.0211157e+00
   7.4164952e-01
   5.3170349e-01
   7.0630643e-01
   8.6000961e-01
   8.2125288e-01
   7.4590177e-01
   6.1460787e-01
   8.4682400e-01
   1.0229832e+00
   8.6962592e-01
   6.3245657e-01
   7.0563248e-01
   6.2722589e-01
   8.4848680e-01
   8.4226927e-01
   9.5081069e-01
   1.0109909e+00
   7.6009104e-01
   5.5193599e-01
   6.2033648e-01
   7.7428534e-01
   8.5236919e-01
   9.4911277e-01
   1.0090718e+00
   9.8778702e-01
   8.8019066e-01
   8.2044456e-01
   7.5468090e-01
   7.2904687e-01
   8.2638380e-01
   9.2261470e-01
   1.0081182e+00
   8.2584193e-01
   5.8864850e-01
   6.0429954e-01
   7.5960951e-01
   7.4741245e-01
   6.5514714e-01
   7.9015071e-01
   1.0267841e+00
   9.2654842e-01
   7.4209443e-01
   6.4883654e-01
   7.4434014e-01
   8.7309533e-01
   8.0557937e-01
   8.2702818e-01
   9.5563150e-01
   9.2338553e-01
   7.4627799e-01
   5.8479046e-01
   6.4405190e-01
   8.0633192e-01
   9.7391800e-01
   1.0673469e+00
   1.0594720e+00
   1.1359460e+00
   1.0472612e+00
   9.1132609e-01
   8.9239994e-01
   9.5487856e-01
   1.1774323e+00
   1.2406405e+00
   1.0526735e+00
   8.8854216e-01
   9.5344052e-01
   1.1019914e+00
   1.0360802e+00
   9.2574991e-01
   9.1860712e-01
   9.6407538e-01
   9.2337930e-01
   8.3014312e-01
   9.5502849e-01
   1.1990760e+00
   1.1136160e+00
   8.1653703e-01
   6.5372673e-01
   9.8514777e-01
   1.3748816e+00
   1.0980676e+00
   7.2945753e-01
   7.1580457e-01
   1.1029722e+00
   1.2365763e+00
   1.0662712e+00
   8.5975254e-01
   9.1911930e-01
   1.1333300e+00
   1.2503182e+00
   1.2052620e+00
   1.0517679e+00
   1.0309079e+00
   1.0732744e+00
   1.1542929e+00
   1.1400717e+00
   9.2082483e-01
   6.5858333e-01
   8.9767181e-01
   1.2341254e+00
   1.1031766e+00
   7.8492555e-01
   7.1945518e-01
   8.3994070e-01
   8.1591430e-01
   5.9125734e-01
   6.0052455e-01
   8.0009980e-01
   1.0135971e+00
   9.4616874e-01
   1.0489281e+00
   1.0357873e+00
   9.6061226e-01
   7.3748563e-01
   6.7706401e-01
   9.5098675e-01
   1.1031191e+00
   1.0885526e+00
   1.0339338e+00
   1.0409979e+00
   1.2278457e+00
   1.2428999e+00
   1.0950203e+00
   7.6559983e-01
   7.5961552e-01
   9.8089555e-01
   1.2154723e+00
   1.2312155e+00
   1.1284763e+00
   8.9908121e-01
   7.6888272e-01
   6.2992920e-01
   8.6574218e-01
   8.9159631e-01
   9.3909567e-01
   1.0613442e+00
   9.0856634e-01
   8.2329298e-01
   7.6378996e-01
   8.8103091e-01
   8.7760468e-01
   1.0186091e+00
   9.1847393e-01
   7.3245472e-01
   6.6718943e-01
   8.0131418e-01
   8.5943966e-01
   6.2669822e-01
   3.7480592e-01
   5.7138647e-01
   9.1685136e-01
   9.5113541e-01
   7.9954320e-01
   8.1353936e-01
   1.0900908e+00
   1.1663130e+00
   8.6602766e-01
   7.5418007e-01
   8.5584965e-01
   9.0276013e-01
   7.5800320e-01
   6.6972327e-01
   7.6637420e-01
   7.3910725e-01
   6.5406874e-01
   6.0323267e-01
   9.0765470e-01
   1.1689495e+00
   9.5571644e-01
   7.3791606e-01
   8.0421094e-01
   1.0801682e+00
   9.6354265e-01
   7.2851249e-01
   7.3336846e-01
   8.8830481e-01
   8.4344917e-01
   9.2009468e-01
   1.0575485e+00
   1.1962731e+00
   1.1026088e+00
   1.0439635e+00
   1.0795776e+00
   8.6978572e-01
   5.7862661e-01
   5.9190647e-01
   1.0189794e+00
   1.0749862e+00
   6.7577515e-01
   2.4841767e-01
   7.7142786e-01
   1.2168833e+00
   1.2050135e+00
   6.9761244e-01
   4.1561775e-01
   7.9747760e-01
   9.5159303e-01
   6.4614940e-01
   5.8464947e-01
   8.3645353e-01
   1.1792348e+00
   1.0446538e+00
   9.3499596e-01
   9.7712590e-01
   9.0692753e-01
   8.8823060e-01
   9.7047791e-01
   1.2989053e+00
   1.1380066e+00
   6.5118381e-01
   4.5201004e-01
   7.2103621e-01
   1.1682682e+00
   1.2068954e+00
   1.0018815e+00
   9.6819815e-01
   1.1238892e+00
   1.0709575e+00
   8.4225361e-01
   7.1554360e-01
   7.4427417e-01
   9.6451572e-01
   1.1242553e+00
   1.1340989e+00
   9.0046933e-01
   7.0687163e-01
   7.3277366e-01
   8.2677360e-01
   1.0112809e+00
   1.0679698e+00
   9.2606965e-01
   8.7919325e-01
   8.1095254e-01
   6.9133267e-01
   1.1102870e+00
   1.0875329e+00
   9.8969432e-01
   8.7157567e-01
   1.0564482e+00
   1.0868508e+00
   7.6787966e-01
   6.5552643e-01
   8.3800777e-01
   1.0687390e+00
   1.1278462e+00
   1.0159815e+00
   7.9762307e-01
   9.1223899e-01
   9.2036715e-01
   9.3276338e-01
   9.4220526e-01
   9.8679561e-01
   8.4599598e-01
   7.6178150e-01
   9.0266547e-01
   1.0525824e+00
   9.7448009e-01
   7.2985306e-01
   7.5050933e-01
   9.3680399e-01
   1.0195202e+00
   1.0677579e+00
   9.7472539e-01
   9.4218289e-01
   8.4289506e-01
   7.9868452e-01
   9.1169532e-01
   1.0707585e+00
   1.1091053e+00
   9.4242033e-01
   6.7052828e-01
   6.7591138e-01
   7.4040669e-01
   7.5338372e-01
   6.9702499e-01
   7.2302697e-01
   7.5388460e-01
   7.9237354e-01
   7.4795238e-01
   7.5219938e-01
   8.0505406e-01
   9.3556329e-01
   9.7028323e-01
   1.1986292e+00
   1.1709278e+00
   1.0243943e+00
   6.8569225e-01
   5.4178107e-01
   7.3497834e-01
   8.4588002e-01
   8.7340545e-01
   8.4873225e-01
   8.4014526e-01
   8.9170664e-01
   9.7655171e-01
   9.9629968e-01
   9.6195654e-01
   9.6842717e-01
   9.8831958e-01
   9.3401097e-01
   7.8561383e-01
   6.7162721e-01
   7.0123559e-01
   9.9350516e-01
   1.0990399e+00
   8.5352947e-01
   4.2799983e-01
   3.8804966e-01
   5.0319386e-01
   9.3098363e-01
   1.0375015e+00
   9.2786918e-01
   7.3699881e-01
   7.1395167e-01
   7.4129508e-01
   7.3550579e-01
   7.5824162e-01
   9.7592049e-01
   1.0220210e+00
   8.0738397e-01
   8.6304037e-01
   9.2666109e-01
   9.4773639e-01
   8.4859568e-01
   7.8749865e-01
   8.8142025e-01
   1.0234409e+00
   8.7730546e-01
   7.0851780e-01
   7.7050412e-01
   8.8998258e-01
   8.1157322e-01
   6.6157957e-01
   7.9256556e-01
   1.0528780e+00
   1.2058093e+00
   9.1155596e-01
   4.1844544e-01
   6.0291983e-01
   8.1061282e-01
   1.0390684e+00
   9.9903465e-01
   8.4248703e-01
   9.6868123e-01
   1.0982447e+00
   1.0096155e+00
   8.3603374e-01
   8.2986783e-01
   1.1386488e+00
   1.3080352e+00
   1.0847677e+00
   9.9038656e-01
   1.0369523e+00
   1.1346186e+00
   1.1984204e+00
   1.0191919e+00
   9.9708614e-01
   9.1754021e-01
   9.2745398e-01
   8.1222602e-01
   7.4394393e-01
   1.1338125e+00
   1.1199813e+00
   7.5735604e-01
   6.5126608e-01
   9.4336093e-01
   1.1293543e+00
   1.0040839e+00
   6.9821887e-01
   8.2020585e-01
   9.3256162e-01
   8.0233561e-01
   7.2320299e-01
   7.4707399e-01
   8.4641676e-01
   7.4582557e-01
   7.8131186e-01
   9.1184464e-01
   9.4536751e-01
   7.4947754e-01
   7.0768387e-01
   9.3098001e-01
   1.0089351e+00
   7.1324844e-01
   6.1708578e-01
   9.2578262e-01
   1.3536251e+00
   1.1717903e+00
   8.3737409e-01
   9.0781280e-01
   1.1385992e+00
   9.3688724e-01
   5.6624721e-01
   6.4064822e-01
   1.0633746e+00
   1.0278275e+00
   6.3200180e-01
   6.4693758e-01
   1.0004593e+00
   1.1275535e+00
   7.7934938e-01
   6.7987715e-01
   9.7219017e-01
   1.2980701e+00
   1.1636008e+00
   8.0997284e-01
   7.7572214e-01
   8.5621718e-01
   7.7988437e-01
   9.1567950e-01
   1.0910525e+00
   1.0114745e+00
   8.5883937e-01
   7.0003301e-01
   1.0955789e+00
   1.1583908e+00
   7.4895134e-01
   8.3911852e-01
   1.0873725e+00
   1.1922072e+00
   7.4273530e-01
   6.1378792e-01
   9.4443122e-01
   1.2996867e+00
   1.0561187e+00
   6.6980105e-01
   7.7216635e-01
   1.0502520e+00
   8.8781835e-01
   6.4678940e-01
   7.3691840e-01
   1.0839148e+00
   1.0723550e+00
   7.4454949e-01
   5.4064614e-01
   8.0537836e-01
   9.2336379e-01
   8.9304743e-01
   9.5242956e-01
   1.0091462e+00
   9.6750911e-01
   9.5310494e-01
   8.7374038e-01
   9.8062548e-01
   9.5322611e-01
   8.6290850e-01
   8.4433109e-01
