   1.2637669e+00
   1.2265558e+00
   1.1268264e+00
   9.9725465e-01
   8.8075829e-01
   8.1015671e-01
   7.8846072e-01
   7.9602512e-01
   8.1678221e-01
   8.4757039e-01
   8.8771401e-01
   9.2956944e-01
   9.6190695e-01
   9.7962166e-01
   9.8808538e-01
   9.9772965e-01
   1.0139010e+00
   1.0330555e+00
   1.0500972e+00
   1.0678493e+00
   1.0962659e+00
   1.1393505e+00
   1.1832775e+00
   1.2006082e+00
   1.1668547e+00
   1.0761266e+00
   9.4931252e-01
   8.3168263e-01
   7.6983737e-01
   7.6939356e-01
   7.9219660e-01
   8.0779168e-01
   8.2485467e-01
   8.7624994e-01
   9.7376425e-01
   1.0848565e+00
   1.1582942e+00
   1.1560089e+00
   1.0677135e+00
   9.1410789e-01
   7.4406130e-01
   6.2187899e-01
   5.8569739e-01
   6.0825893e-01
   6.4763167e-01
   7.0249861e-01
   7.9537579e-01
   9.2794907e-01
   1.0687275e+00
   1.1764217e+00
   1.2214928e+00
   1.1943707e+00
   1.1047695e+00
   9.7541879e-01
   8.3239930e-01
   6.9546727e-01
   5.7400133e-01
   4.7341315e-01
   4.0831500e-01
   4.0282781e-01
   4.5993059e-01
   5.5119281e-01
   6.4737417e-01
   7.3171989e-01
   7.9625878e-01
   8.3698044e-01
   8.5194325e-01
   8.4222336e-01
   8.1366039e-01
   7.7666944e-01
   7.4266600e-01
   7.1898951e-01
   7.0727946e-01
   7.0742655e-01
   7.2171168e-01
   7.5274173e-01
   7.9743566e-01
   8.4596510e-01
   8.8850987e-01
   9.2323004e-01
   9.5791229e-01
   1.0023252e+00
   1.0563363e+00
   1.1055706e+00
   1.1294172e+00
   1.1136189e+00
   1.0589060e+00
   9.8233112e-01
   9.0981575e-01
   8.6037787e-01
   8.3261020e-01
   8.0998626e-01
   7.8061684e-01
   7.5053457e-01
   7.3984175e-01
   7.6345409e-01
   8.1481373e-01
   8.7325187e-01
   9.2231527e-01
   9.5776497e-01
   9.8345263e-01
   1.0024562e+00
   1.0118081e+00
   1.0051207e+00
   9.7960825e-01
   9.4038024e-01
   8.9762340e-01
   8.5797993e-01
   8.1791743e-01
   7.6738231e-01
   7.0219711e-01
   6.3614493e-01
   6.0249959e-01
   6.3025638e-01
   7.0994554e-01
   8.0464623e-01
   8.8354172e-01
   9.3376873e-01
   9.5731397e-01
   9.6354062e-01
   9.6160712e-01
   9.5647233e-01
   9.5015901e-01
   9.4535548e-01
   9.4651397e-01
   9.5691535e-01
   9.7514897e-01
   9.9538550e-01
   1.0112235e+00
   1.0189357e+00
   1.0172750e+00
   1.0049001e+00
   9.7890375e-01
   9.3701168e-01
   8.8275719e-01
   8.3004748e-01
   8.0163641e-01
   8.1649842e-01
   8.7378022e-01
   9.5369436e-01
   1.0332899e+00
   1.0974103e+00
   1.1398850e+00
   1.1599235e+00
   1.1581760e+00
   1.1350886e+00
   1.0921556e+00
   1.0345495e+00
   9.7255323e-01
   9.1956031e-01
   8.8622134e-01
   8.7416756e-01
   8.7528345e-01
   8.7746377e-01
   8.7097801e-01
   8.5095319e-01
   8.1647167e-01
   7.6890332e-01
   7.1182207e-01
   6.5362834e-01
   6.1157338e-01
   6.1036019e-01
   6.6572688e-01
   7.6688203e-01
   8.8393606e-01
   9.8516393e-01
   1.0455871e+00
   1.0498944e+00
   9.9378409e-01
   8.8425404e-01
   7.3857028e-01
   5.8218561e-01
   4.4666127e-01
   3.6652025e-01
   3.6309004e-01
   4.2412151e-01
   5.2557808e-01
   6.5113234e-01
   7.8562815e-01
   9.1092691e-01
   1.0084980e+00
   1.0635808e+00
   1.0682673e+00
   1.0230913e+00
   9.3758038e-01
   8.3030062e-01
   7.2793967e-01
   6.5979574e-01
   6.4250742e-01
   6.6645085e-01
   7.0692629e-01
   7.4572328e-01
   7.7848870e-01
   8.0930750e-01
   8.4117243e-01
   8.7034559e-01
   8.8936908e-01
   8.9549877e-01
   8.9664238e-01
   9.0809640e-01
   9.3931985e-01
   9.8229975e-01
   1.0157228e+00
   1.0207394e+00
   9.9422126e-01
   9.5217866e-01
   9.2001516e-01
   9.1103789e-01
   9.1211389e-01
   8.9647783e-01
   8.5069099e-01
   7.9342166e-01
   7.7335772e-01
   8.2754181e-01
   9.3335934e-01
   1.0329994e+00
   1.0826060e+00
   1.0709549e+00
   1.0192820e+00
   9.6863617e-01
   9.5067920e-01
   9.5888826e-01
   9.5735757e-01
   9.1649403e-01
   8.3691919e-01
   7.5369486e-01
   7.1807241e-01
   7.4959829e-01
   8.1369664e-01
   8.6578432e-01
   8.8813778e-01
   8.9137368e-01
   8.9812311e-01
   9.2119406e-01
   9.5368481e-01
   9.8005201e-01
   9.9217524e-01
   9.9380126e-01
   9.9270487e-01
   9.9031867e-01
   9.8043728e-01
   9.5863769e-01
   9.3193518e-01
   9.1713413e-01
   9.2542533e-01
   9.4815845e-01
   9.6330780e-01
   9.5637092e-01
   9.3534600e-01
   9.2804408e-01
   9.5737548e-01
   1.0133482e+00
   1.0576952e+00
   1.0527318e+00
   9.8231608e-01
   8.5900623e-01
   7.2319024e-01
   6.3172339e-01
   6.2007315e-01
   6.6740994e-01
   7.3502885e-01
   8.0979789e-01
   8.9653028e-01
   9.9333746e-01
   1.0817972e+00
   1.1368627e+00
   1.1415691e+00
   1.0951927e+00
   1.0127142e+00
   9.1686486e-01
   8.2639910e-01
   7.4885568e-01
   6.8599102e-01
   6.4654926e-01
   6.4696063e-01
   6.9097557e-01
   7.5663187e-01
   8.1282520e-01
   8.4034165e-01
   8.3955979e-01
   8.2642794e-01
   8.1929816e-01
   8.2396507e-01
   8.3161624e-01
   8.3253835e-01
   8.3001270e-01
   8.4068466e-01
   8.7941417e-01
   9.4267620e-01
   1.0105958e+00
   1.0631846e+00
   1.0920300e+00
   1.1008887e+00
   1.0982636e+00
   1.0884147e+00
   1.0683358e+00
   1.0332255e+00
   9.8488503e-01
   9.3513234e-01
   8.9998530e-01
   8.8760872e-01
   8.9204580e-01
   9.0100932e-01
   9.0838874e-01
   9.1809442e-01
   9.3689477e-01
   9.6440966e-01
   9.9157298e-01
   1.0093924e+00
   1.0186127e+00
   1.0308118e+00
   1.0579782e+00
   1.0980543e+00
   1.1314587e+00
   1.1324566e+00
   1.0842846e+00
   9.8950957e-01
   8.7454557e-01
   7.8553494e-01
   7.6248164e-01
   7.9866153e-01
   8.4674273e-01
   8.6405854e-01
   8.3542990e-01
   7.7451773e-01
   7.1691912e-01
   6.9984514e-01
   7.2971059e-01
   7.7757929e-01
   8.1149582e-01
   8.2060058e-01
   8.1821608e-01
   8.3059463e-01
   8.7525521e-01
   9.4615340e-01
   1.0227804e+00
   1.0887215e+00
   1.1395205e+00
   1.1776936e+00
   1.2021670e+00
   1.2021192e+00
   1.1613153e+00
   1.0699649e+00
   9.3724184e-01
   7.9983728e-01
   7.1671860e-01
   7.2393004e-01
   7.8622006e-01
   8.4076355e-01
   8.5512551e-01
   8.3763342e-01
   8.2456596e-01
   8.4918914e-01
   9.0866874e-01
   9.7035101e-01
   1.0055646e+00
   1.0090852e+00
   9.9717880e-01
   9.9123331e-01
   9.9851610e-01
   1.0090941e+00
   1.0126815e+00
   1.0151198e+00
   1.0357995e+00
   1.0853754e+00
   1.1476764e+00
   1.1895320e+00
   1.1858589e+00
   1.1373683e+00
   1.0730369e+00
   1.0321989e+00
   1.0282747e+00
   1.0304434e+00
   9.9050708e-01
   8.7955711e-01
   7.0695126e-01
   5.3194272e-01
   4.6491527e-01
   5.4083296e-01
   6.4651047e-01
   7.0231989e-01
   7.0257745e-01
   6.9249970e-01
   7.3014693e-01
   8.2401819e-01
   9.2721418e-01
   9.9172123e-01
   1.0000923e+00
   9.6893234e-01
   9.3722465e-01
   9.3874778e-01
   9.7349613e-01
   1.0123547e+00
   1.0265587e+00
   1.0048984e+00
   9.5154102e-01
   8.7490921e-01
   7.7856875e-01
   6.6269565e-01
   5.3780850e-01
   4.4528116e-01
   4.5044289e-01
   5.5113646e-01
   6.7661184e-01
   7.7847598e-01
   8.4553316e-01
   8.9168408e-01
   9.3769610e-01
   9.8969211e-01
   1.0311533e+00
   1.0356935e+00
   9.8581591e-01
   8.8513237e-01
   7.6348096e-01
   6.7438928e-01
   6.6784202e-01
   7.4048420e-01
   8.4668414e-01
   9.5007885e-01
   1.0353805e+00
   1.0977008e+00
   1.1333477e+00
   1.1377084e+00
   1.1085858e+00
   1.0504753e+00
   9.7590887e-01
   9.0239961e-01
   8.4604159e-01
   8.1541930e-01
   8.1018723e-01
   8.2412063e-01
   8.4796547e-01
   8.7057443e-01
   8.8100777e-01
   8.7257936e-01
   8.4642144e-01
   8.1138953e-01
   7.7894544e-01
   7.5590482e-01
   7.4228619e-01
   7.3781097e-01
   7.4944074e-01
   7.8835457e-01
   8.5608380e-01
   9.3641607e-01
   1.0034452e+00
   1.0353369e+00
   1.0233435e+00
   9.7459668e-01
   9.0958744e-01
   8.5442895e-01
   8.2896567e-01
   8.3756164e-01
   8.7128677e-01
   9.1712788e-01
   9.6299263e-01
   9.9783928e-01
   1.0124878e+00
   1.0029522e+00
   9.7367499e-01
   9.3699304e-01
   9.0704317e-01
   8.9124776e-01
   8.8760989e-01
   8.9161222e-01
   9.0463978e-01
   9.3342790e-01
   9.8009712e-01
   1.0342257e+00
   1.0769584e+00
   1.0928189e+00
   1.0792635e+00
   1.0488767e+00
   1.0227549e+00
   1.0170139e+00
   1.0323001e+00
   1.0573495e+00
   1.0815504e+00
   1.1019002e+00
   1.1192017e+00
   1.1296320e+00
   1.1212080e+00
   1.0788733e+00
   9.9351772e-01
   8.6865366e-01
   7.2230933e-01
   5.8479028e-01
   4.9195618e-01
   4.6836176e-01
   5.0926446e-01
   5.9397160e-01
   7.0540266e-01
   8.2767765e-01
   9.4201341e-01
   1.0302159e+00
   1.0805952e+00
   1.0916071e+00
   1.0716550e+00
   1.0353840e+00
   9.9810353e-01
   9.7088507e-01
   9.5838826e-01
   9.5917345e-01
   9.6680226e-01
   9.7146249e-01
   9.6326594e-01
   9.3705905e-01
   8.9644997e-01
   8.5385796e-01
   8.2412335e-01
   8.1383575e-01
   8.1630600e-01
   8.1910829e-01
   8.1630600e-01
   8.1383575e-01
   8.2412335e-01
   8.5385796e-01
   8.9644997e-01
   9.3705905e-01
   9.6326594e-01
   9.7146249e-01
   9.6680226e-01
   9.5917345e-01
   9.5838826e-01
   9.7088507e-01
   9.9810353e-01
   1.0353840e+00
   1.0716550e+00
   1.0916071e+00
   1.0805952e+00
   1.0302159e+00
   9.4201341e-01
   8.2767765e-01
   7.0540266e-01
   5.9397160e-01
   5.0926446e-01
   4.6836176e-01
   4.9195618e-01
   5.8479028e-01
   7.2230933e-01
   8.6865366e-01
   9.9351772e-01
   1.0788733e+00
   1.1212080e+00
   1.1296320e+00
   1.1192017e+00
   1.1019002e+00
   1.0815504e+00
   1.0573495e+00
   1.0323001e+00
   1.0170139e+00
   1.0227549e+00
   1.0488767e+00
   1.0792635e+00
   1.0928189e+00
   1.0769584e+00
   1.0342257e+00
   9.8009712e-01
   9.3342790e-01
   9.0463978e-01
   8.9161222e-01
   8.8760989e-01
   8.9124776e-01
   9.0704317e-01
   9.3699304e-01
   9.7367499e-01
   1.0029522e+00
   1.0124878e+00
   9.9783928e-01
   9.6299263e-01
   9.1712788e-01
   8.7128677e-01
   8.3756164e-01
   8.2896567e-01
   8.5442895e-01
   9.0958744e-01
   9.7459668e-01
   1.0233435e+00
   1.0353369e+00
   1.0034452e+00
   9.3641607e-01
   8.5608380e-01
   7.8835457e-01
   7.4944074e-01
   7.3781097e-01
   7.4228619e-01
   7.5590482e-01
   7.7894544e-01
   8.1138953e-01
   8.4642144e-01
   8.7257936e-01
   8.8100777e-01
   8.7057443e-01
   8.4796547e-01
   8.2412063e-01
   8.1018723e-01
   8.1541930e-01
   8.4604159e-01
   9.0239961e-01
   9.7590887e-01
   1.0504753e+00
   1.1085858e+00
   1.1377084e+00
   1.1333477e+00
   1.0977008e+00
   1.0353805e+00
   9.5007885e-01
   8.4668414e-01
   7.4048420e-01
   6.6784202e-01
   6.7438928e-01
   7.6348096e-01
   8.8513237e-01
   9.8581591e-01
   1.0356935e+00
   1.0311533e+00
   9.8969211e-01
   9.3769610e-01
   8.9168408e-01
   8.4553316e-01
   7.7847598e-01
   6.7661184e-01
   5.5113646e-01
   4.5044289e-01
   4.4528116e-01
   5.3780850e-01
   6.6269565e-01
   7.7856875e-01
   8.7490921e-01
   9.5154102e-01
   1.0048984e+00
   1.0265587e+00
   1.0123547e+00
   9.7349613e-01
   9.3874778e-01
   9.3722465e-01
   9.6893234e-01
   1.0000923e+00
   9.9172123e-01
   9.2721418e-01
   8.2401819e-01
   7.3014693e-01
   6.9249970e-01
   7.0257745e-01
   7.0231989e-01
   6.4651047e-01
   5.4083296e-01
   4.6491527e-01
   5.3194272e-01
   7.0695126e-01
   8.7955711e-01
   9.9050708e-01
   1.0304434e+00
   1.0282747e+00
   1.0321989e+00
   1.0730369e+00
   1.1373683e+00
   1.1858589e+00
   1.1895320e+00
   1.1476764e+00
   1.0853754e+00
   1.0357995e+00
   1.0151198e+00
   1.0126815e+00
   1.0090941e+00
   9.9851610e-01
   9.9123331e-01
   9.9717880e-01
   1.0090852e+00
   1.0055646e+00
   9.7035101e-01
   9.0866874e-01
   8.4918914e-01
   8.2456596e-01
   8.3763342e-01
   8.5512551e-01
   8.4076355e-01
   7.8622006e-01
   7.2393004e-01
   7.1671860e-01
   7.9983728e-01
   9.3724184e-01
   1.0699649e+00
   1.1613153e+00
   1.2021192e+00
   1.2021670e+00
   1.1776936e+00
   1.1395205e+00
   1.0887215e+00
   1.0227804e+00
   9.4615340e-01
   8.7525521e-01
   8.3059463e-01
   8.1821608e-01
   8.2060058e-01
   8.1149582e-01
   7.7757929e-01
   7.2971059e-01
   6.9984514e-01
   7.1691912e-01
   7.7451773e-01
   8.3542990e-01
   8.6405854e-01
   8.4674273e-01
   7.9866153e-01
   7.6248164e-01
   7.8553494e-01
   8.7454557e-01
   9.8950957e-01
   1.0842846e+00
   1.1324566e+00
   1.1314587e+00
   1.0980543e+00
   1.0579782e+00
   1.0308118e+00
   1.0186127e+00
   1.0093924e+00
   9.9157298e-01
   9.6440966e-01
   9.3689477e-01
   9.1809442e-01
   9.0838874e-01
   9.0100932e-01
   8.9204580e-01
   8.8760872e-01
   8.9998530e-01
   9.3513234e-01
   9.8488503e-01
   1.0332255e+00
   1.0683358e+00
   1.0884147e+00
   1.0982636e+00
   1.1008887e+00
   1.0920300e+00
   1.0631846e+00
   1.0105958e+00
   9.4267620e-01
   8.7941417e-01
   8.4068466e-01
   8.3001270e-01
   8.3253835e-01
   8.3161624e-01
   8.2396507e-01
   8.1929816e-01
   8.2642794e-01
   8.3955979e-01
   8.4034165e-01
   8.1282520e-01
   7.5663187e-01
   6.9097557e-01
   6.4696063e-01
   6.4654926e-01
   6.8599102e-01
   7.4885568e-01
   8.2639910e-01
   9.1686486e-01
   1.0127142e+00
   1.0951927e+00
   1.1415691e+00
   1.1368627e+00
   1.0817972e+00
   9.9333746e-01
   8.9653028e-01
   8.0979789e-01
   7.3502885e-01
   6.6740994e-01
   6.2007315e-01
   6.3172339e-01
   7.2319024e-01
   8.5900623e-01
   9.8231608e-01
   1.0527318e+00
   1.0576952e+00
   1.0133482e+00
   9.5737548e-01
   9.2804408e-01
   9.3534600e-01
   9.5637092e-01
   9.6330780e-01
   9.4815845e-01
   9.2542533e-01
   9.1713413e-01
   9.3193518e-01
   9.5863769e-01
   9.8043728e-01
   9.9031867e-01
   9.9270487e-01
   9.9380126e-01
   9.9217524e-01
   9.8005201e-01
   9.5368481e-01
   9.2119406e-01
   8.9812311e-01
   8.9137368e-01
   8.8813778e-01
   8.6578432e-01
   8.1369664e-01
   7.4959829e-01
   7.1807241e-01
   7.5369486e-01
   8.3691919e-01
   9.1649403e-01
   9.5735757e-01
   9.5888826e-01
   9.5067920e-01
   9.6863617e-01
   1.0192820e+00
   1.0709549e+00
   1.0826060e+00
   1.0329994e+00
   9.3335934e-01
   8.2754181e-01
   7.7335772e-01
   7.9342166e-01
   8.5069099e-01
   8.9647783e-01
   9.1211389e-01
   9.1103789e-01
   9.2001516e-01
   9.5217866e-01
   9.9422126e-01
   1.0207394e+00
   1.0157228e+00
   9.8229975e-01
   9.3931985e-01
   9.0809640e-01
   8.9664238e-01
   8.9549877e-01
   8.8936908e-01
   8.7034559e-01
   8.4117243e-01
   8.0930750e-01
   7.7848870e-01
   7.4572328e-01
   7.0692629e-01
   6.6645085e-01
   6.4250742e-01
   6.5979574e-01
   7.2793967e-01
   8.3030062e-01
   9.3758038e-01
   1.0230913e+00
   1.0682673e+00
   1.0635808e+00
   1.0084980e+00
   9.1092691e-01
   7.8562815e-01
   6.5113234e-01
   5.2557808e-01
   4.2412151e-01
   3.6309004e-01
   3.6652025e-01
   4.4666127e-01
   5.8218561e-01
   7.3857028e-01
   8.8425404e-01
   9.9378409e-01
   1.0498944e+00
   1.0455871e+00
   9.8516393e-01
   8.8393606e-01
   7.6688203e-01
   6.6572688e-01
   6.1036019e-01
   6.1157338e-01
   6.5362834e-01
   7.1182207e-01
   7.6890332e-01
   8.1647167e-01
   8.5095319e-01
   8.7097801e-01
   8.7746377e-01
   8.7528345e-01
   8.7416756e-01
   8.8622134e-01
   9.1956031e-01
   9.7255323e-01
   1.0345495e+00
   1.0921556e+00
   1.1350886e+00
   1.1581760e+00
   1.1599235e+00
   1.1398850e+00
   1.0974103e+00
   1.0332899e+00
   9.5369436e-01
   8.7378022e-01
   8.1649842e-01
   8.0163641e-01
   8.3004748e-01
   8.8275719e-01
   9.3701168e-01
   9.7890375e-01
   1.0049001e+00
   1.0172750e+00
   1.0189357e+00
   1.0112235e+00
   9.9538550e-01
   9.7514897e-01
   9.5691535e-01
   9.4651397e-01
   9.4535548e-01
   9.5015901e-01
   9.5647233e-01
   9.6160712e-01
   9.6354062e-01
   9.5731397e-01
   9.3376873e-01
   8.8354172e-01
   8.0464623e-01
   7.0994554e-01
   6.3025638e-01
   6.0249959e-01
   6.3614493e-01
   7.0219711e-01
   7.6738231e-01
   8.1791743e-01
   8.5797993e-01
   8.9762340e-01
   9.4038024e-01
   9.7960825e-01
   1.0051207e+00
   1.0118081e+00
   1.0024562e+00
   9.8345263e-01
   9.5776497e-01
   9.2231527e-01
   8.7325187e-01
   8.1481373e-01
   7.6345409e-01
   7.3984175e-01
   7.5053457e-01
   7.8061684e-01
   8.0998626e-01
   8.3261020e-01
   8.6037787e-01
   9.0981575e-01
   9.8233112e-01
   1.0589060e+00
   1.1136189e+00
   1.1294172e+00
   1.1055706e+00
   1.0563363e+00
   1.0023252e+00
   9.5791229e-01
   9.2323004e-01
   8.8850987e-01
   8.4596510e-01
   7.9743566e-01
   7.5274173e-01
   7.2171168e-01
   7.0742655e-01
   7.0727946e-01
   7.1898951e-01
   7.4266600e-01
   7.7666944e-01
   8.1366039e-01
   8.4222336e-01
   8.5194325e-01
   8.3698044e-01
   7.9625878e-01
   7.3171989e-01
   6.4737417e-01
   5.5119281e-01
   4.5993059e-01
   4.0282781e-01
   4.0831500e-01
   4.7341315e-01
   5.7400133e-01
   6.9546727e-01
   8.3239930e-01
   9.7541879e-01
   1.1047695e+00
   1.1943707e+00
   1.2214928e+00
   1.1764217e+00
   1.0687275e+00
   9.2794907e-01
   7.9537579e-01
   7.0249861e-01
   6.4763167e-01
   6.0825893e-01
   5.8569739e-01
   6.2187899e-01
   7.4406130e-01
   9.1410789e-01
   1.0677135e+00
   1.1560089e+00
   1.1582942e+00
   1.0848565e+00
   9.7376425e-01
   8.7624994e-01
   8.2485467e-01
   8.0779168e-01
   7.9219660e-01
   7.6939356e-01
   7.6983737e-01
   8.3168263e-01
   9.4931252e-01
   1.0761266e+00
   1.1668547e+00
   1.2006082e+00
   1.1832775e+00
   1.1393505e+00
   1.0962659e+00
   1.0678493e+00
   1.0500972e+00
   1.0330555e+00
   1.0139010e+00
   9.9772965e-01
   9.8808538e-01
   9.7962166e-01
   9.6190695e-01
   9.2956944e-01
   8.8771401e-01
   8.4757039e-01
   8.1678221e-01
   7.9602512e-01
   7.8846072e-01
   8.1015671e-01
   8.8075829e-01
   9.9725465e-01
   1.1268264e+00
   1.2265558e+00
