   1.1885547e+00
   1.1887674e+00
   1.1894088e+00
   1.1904880e+00
   1.1920185e+00
   1.1940168e+00
   1.1964987e+00
   1.1994766e+00
   1.2029563e+00
   1.2069327e+00
   1.2113871e+00
   1.2162840e+00
   1.2215688e+00
   1.2271665e+00
   1.2329811e+00
   1.2388959e+00
   1.2447749e+00
   1.2504648e+00
   1.2557986e+00
   1.2605986e+00
   1.2646808e+00
   1.2678594e+00
   1.2699509e+00
   1.2707793e+00
   1.2701797e+00
   1.2680031e+00
   1.2641197e+00
   1.2584223e+00
   1.2508295e+00
   1.2412876e+00
   1.2297730e+00
   1.2162929e+00
   1.2008868e+00
   1.1836259e+00
   1.1646136e+00
   1.1439836e+00
   1.1218993e+00
   1.0985508e+00
   1.0741525e+00
   1.0489399e+00
   1.0231645e+00
   9.9709008e-01
   9.7098625e-01
   9.4512288e-01
   9.1976326e-01
   8.9515726e-01
   8.7153438e-01
   8.4909721e-01
   8.2801572e-01
   8.0842289e-01
   7.9041218e-01
   7.7403736e-01
   7.5931482e-01
   7.4622846e-01
   7.3473691e-01
   7.2478264e-01
   7.1630199e-01
   7.0923557e-01
   7.0353788e-01
   6.9918537e-01
   6.9618228e-01
   6.9456348e-01
   6.9439405e-01
   6.9576542e-01
   6.9878817e-01
   7.0358181e-01
   7.1026249e-01
   7.1892944e-01
   7.2965169e-01
   7.4245606e-01
   7.5731793e-01
   7.7415541e-01
   7.9282726e-01
   8.1313462e-01
   8.3482584e-01
   8.5760371e-01
   8.8113417e-01
   9.0505576e-01
   9.2898906e-01
   9.5254577e-01
   9.7533705e-01
   9.9698101e-01
   1.0171094e+00
   1.0353735e+00
   1.0514490e+00
   1.0650405e+00
   1.0758853e+00
   1.0837568e+00
   1.0884669e+00
   1.0898687e+00
   1.0878584e+00
   1.0823766e+00
   1.0734102e+00
   1.0609928e+00
   1.0452056e+00
   1.0261778e+00
   1.0040871e+00
   9.7915921e-01
   9.5166785e-01
   9.2193434e-01
   8.9032673e-01
   8.5725867e-01
   8.2318759e-01
   7.8861184e-01
   7.5406626e-01
   7.2011527e-01
   6.8734235e-01
   6.5633455e-01
   6.2766086e-01
   6.0184370e-01
   5.7932454e-01
   5.6042669e-01
   5.4532134e-01
   5.3400456e-01
   5.2629222e-01
   5.2183663e-01
   5.2016275e-01
   5.2071714e-01
   5.2292045e-01
   5.2621566e-01
   5.3010709e-01
   5.3418875e-01
   5.3816287e-01
   5.4185059e-01
   5.4519652e-01
   5.4826862e-01
   5.5125381e-01
   5.5444893e-01
   5.5824614e-01
   5.6311165e-01
   5.6955688e-01
   5.7810268e-01
   5.8923853e-01
   6.0338118e-01
   6.2083809e-01
   6.4178143e-01
   6.6623599e-01
   6.9408199e-01
   7.2507005e-01
   7.5884421e-01
   7.9496827e-01
   8.3295152e-01
   8.7227162e-01
   9.1239336e-01
   9.5278346e-01
   9.9292175e-01
   1.0323094e+00
   1.0704752e+00
   1.1069797e+00
   1.1414192e+00
   1.1734275e+00
   1.2026788e+00
   1.2288885e+00
   1.2518147e+00
   1.2712592e+00
   1.2870679e+00
   1.2991316e+00
   1.3073856e+00
   1.3118100e+00
   1.3124290e+00
   1.3093108e+00
   1.3025662e+00
   1.2923477e+00
   1.2788483e+00
   1.2622996e+00
   1.2429701e+00
   1.2211628e+00
   1.1972127e+00
   1.1714837e+00
   1.1443650e+00
   1.1162674e+00
   1.0876176e+00
   1.0588528e+00
   1.0304134e+00
   1.0027349e+00
   9.7623806e-01
   9.5131798e-01
   9.2833259e-01
   9.0759040e-01
   8.8933907e-01
   8.7375568e-01
   8.6093987e-01
   8.5091114e-01
   8.4361072e-01
   8.3890824e-01
   8.3661255e-01
   8.3648552e-01
   8.3825735e-01
   8.4164185e-01
   8.4635044e-01
   8.5210395e-01
   8.5864174e-01
   8.6572796e-01
   8.7315532e-01
   8.8074644e-01
   8.8835343e-01
   8.9585593e-01
   9.0315826e-01
   9.1018570e-01
   9.1688058e-01
   9.2319808e-01
   9.2910228e-01
   9.3456238e-01
   9.3954932e-01
   9.4403302e-01
   9.4798008e-01
   9.5135224e-01
   9.5410534e-01
   9.5618909e-01
   9.5754726e-01
   9.5811850e-01
   9.5783766e-01
   9.5663730e-01
   9.5444971e-01
   9.5120890e-01
   9.4685284e-01
   9.4132564e-01
   9.3457970e-01
   9.2657776e-01
   9.1729478e-01
   9.0671969e-01
   8.9485688e-01
   8.8172756e-01
   8.6737081e-01
   8.5184458e-01
   8.3522632e-01
   8.1761356e-01
   7.9912423e-01
   7.7989685e-01
   7.6009042e-01
   7.3988413e-01
   7.1947666e-01
   6.9908512e-01
   6.7894333e-01
   6.5929924e-01
   6.4041142e-01
   6.2254415e-01
   6.0596104e-01
   5.9091700e-01
   5.7764873e-01
   5.6636410e-01
   5.5723129e-01
   5.5036873e-01
   5.4583727e-01
   5.4363577e-01
   5.4370101e-01
   5.4591199e-01
   5.5009815e-01
   5.5605030e-01
   5.6353290e-01
   5.7229615e-01
   5.8208701e-01
   5.9265834e-01
   6.0377597e-01
   6.1522378e-01
   6.2680701e-01
   6.3835417e-01
   6.4971781e-01
   6.6077455e-01
   6.7142450e-01
   6.8159041e-01
   6.9121643e-01
   7.0026678e-01
   7.0872426e-01
   7.1658864e-01
   7.2387491e-01
   7.3061144e-01
   7.3683794e-01
   7.4260336e-01
   7.4796356e-01
   7.5297893e-01
   7.5771182e-01
   7.6222399e-01
   7.6657403e-01
   7.7081483e-01
   7.7499126e-01
   7.7913804e-01
   7.8327809e-01
   7.8742111e-01
   7.9156290e-01
   7.9568508e-01
   7.9975543e-01
   8.0372889e-01
   8.0754908e-01
   8.1115028e-01
   8.1445995e-01
   8.1740160e-01
   8.1989785e-01
   8.2187382e-01
   8.2326051e-01
   8.2399828e-01
   8.2404019e-01
   8.2335533e-01
   8.2193185e-01
   8.1977982e-01
   8.1693362e-01
   8.1345404e-01
   8.0942972e-01
   8.0497794e-01
   8.0024458e-01
   7.9540303e-01
   7.9065190e-01
   7.8621124e-01
   7.8231729e-01
   7.7921546e-01
   7.7715184e-01
   7.7636326e-01
   7.7706663e-01
   7.7944800e-01
   7.8365246e-01
   7.8977565e-01
   7.9785777e-01
   8.0788076e-01
   8.1976872e-01
   8.3339161e-01
   8.4857152e-01
   8.6509091e-01
   8.8270192e-01
   9.0113601e-01
   9.2011331e-01
   9.3935117e-01
   9.5857174e-01
   9.7750846e-01
   9.9591136e-01
   1.0135514e+00
   1.0302237e+00
   1.0457504e+00
   1.0599821e+00
   1.0727991e+00
   1.0841123e+00
   1.0938629e+00
   1.1020222e+00
   1.1085905e+00
   1.1135960e+00
   1.1170928e+00
   1.1191586e+00
   1.1198921e+00
   1.1194094e+00
   1.1178409e+00
   1.1153267e+00
   1.1120127e+00
   1.1080458e+00
   1.1035692e+00
   1.0987181e+00
   1.0936147e+00
   1.0883648e+00
   1.0830540e+00
   1.0777451e+00
   1.0724767e+00
   1.0672621e+00
   1.0620900e+00
   1.0569261e+00
   1.0517155e+00
   1.0463861e+00
   1.0408531e+00
   1.0350234e+00
   1.0288012e+00
   1.0220926e+00
   1.0148110e+00
   1.0068824e+00
   9.9824946e-01
   9.8887578e-01
   9.7874954e-01
   9.6788629e-01
   9.5633113e-01
   9.4416013e-01
   9.3148090e-01
   9.1843213e-01
   9.0518217e-01
   8.9192636e-01
   8.7888308e-01
   8.6628834e-01
   8.5438892e-01
   8.4343408e-01
   8.3366593e-01
   8.2530902e-01
   8.1855955e-01
   8.1357502e-01
   8.1046537e-01
   8.0928621e-01
   8.1003521e-01
   8.1265174e-01
   8.1702010e-01
   8.2297576e-01
   8.3031398e-01
   8.3879989e-01
   8.4817924e-01
   8.5818879e-01
   8.6856597e-01
   8.7905721e-01
   8.8942491e-01
   8.9945286e-01
   9.0895032e-01
   9.1775481e-01
   9.2573381e-01
   9.3278546e-01
   9.3883847e-01
   9.4385143e-01
   9.4781134e-01
   9.5073181e-01
   9.5265071e-01
   9.5362744e-01
   9.5373987e-01
   9.5308102e-01
   9.5175537e-01
   9.4987520e-01
   9.4755667e-01
   9.4491598e-01
   9.4206568e-01
   9.3911108e-01
   9.3614719e-01
   9.3325599e-01
   9.3050434e-01
   9.2794254e-01
   9.2560362e-01
   9.2350337e-01
   9.2164106e-01
   9.2000084e-01
   9.1855365e-01
   9.1725961e-01
   9.1607066e-01
   9.1493333e-01
   9.1379157e-01
   9.1258936e-01
   9.1127315e-01
   9.0979397e-01
   9.0810910e-01
   9.0618344e-01
   9.0399035e-01
   9.0151212e-01
   8.9874006e-01
   8.9567424e-01
   8.9232287e-01
   8.8870157e-01
   8.8483226e-01
   8.8074216e-01
   8.7646252e-01
   8.7202751e-01
   8.6747308e-01
   8.6283602e-01
   8.5815302e-01
   8.5346012e-01
   8.4879212e-01
   8.4418239e-01
   8.3966272e-01
   8.3526335e-01
   8.3101319e-01
   8.2693999e-01
   8.2307062e-01
   8.1943123e-01
   8.1604733e-01
   8.1294380e-01
   8.1014457e-01
   8.0767225e-01
   8.0554744e-01
   8.0378790e-01
   8.0240758e-01
   8.0141551e-01
   8.0081471e-01
   8.0060111e-01
   8.0076266e-01
   8.0127864e-01
   8.0211935e-01
   8.0324606e-01
   8.0461155e-01
   8.0616094e-01
   8.0783310e-01
   8.0956241e-01
   8.1128088e-01
   8.1292070e-01
   8.1441684e-01
   8.1570997e-01
   8.1674938e-01
   8.1749577e-01
   8.1792408e-01
   8.1802594e-01
   8.1781186e-01
   8.1731293e-01
   8.1658203e-01
   8.1569427e-01
   8.1474672e-01
   8.1385717e-01
   8.1316187e-01
   8.1281218e-01
   8.1297003e-01
   8.1380238e-01
   8.1547460e-01
   8.1814326e-01
   8.2194849e-01
   8.2700650e-01
   8.3340276e-01
   8.4118629e-01
   8.5036562e-01
   8.6090663e-01
   8.7273247e-01
   8.8572543e-01
   8.9973062e-01
   9.1456099e-01
   9.3000331e-01
   9.4582476e-01
   9.6177951e-01
   9.7761534e-01
   9.9307967e-01
   1.0079252e+00
   1.0219147e+00
   1.0348259e+00
   1.0464543e+00
   1.0566172e+00
   1.0651559e+00
   1.0719376e+00
   1.0768576e+00
   1.0798402e+00
   1.0808395e+00
   1.0798402e+00
   1.0768576e+00
   1.0719376e+00
   1.0651559e+00
   1.0566172e+00
   1.0464543e+00
   1.0348259e+00
   1.0219147e+00
   1.0079252e+00
   9.9307967e-01
   9.7761534e-01
   9.6177951e-01
   9.4582476e-01
   9.3000331e-01
   9.1456099e-01
   8.9973062e-01
   8.8572543e-01
   8.7273247e-01
   8.6090663e-01
   8.5036562e-01
   8.4118629e-01
   8.3340276e-01
   8.2700650e-01
   8.2194849e-01
   8.1814326e-01
   8.1547460e-01
   8.1380238e-01
   8.1297003e-01
   8.1281218e-01
   8.1316187e-01
   8.1385717e-01
   8.1474672e-01
   8.1569427e-01
   8.1658203e-01
   8.1731293e-01
   8.1781186e-01
   8.1802594e-01
   8.1792408e-01
   8.1749577e-01
   8.1674938e-01
   8.1570997e-01
   8.1441684e-01
   8.1292070e-01
   8.1128088e-01
   8.0956241e-01
   8.0783310e-01
   8.0616094e-01
   8.0461155e-01
   8.0324606e-01
   8.0211935e-01
   8.0127864e-01
   8.0076266e-01
   8.0060111e-01
   8.0081471e-01
   8.0141551e-01
   8.0240758e-01
   8.0378790e-01
   8.0554744e-01
   8.0767225e-01
   8.1014457e-01
   8.1294380e-01
   8.1604733e-01
   8.1943123e-01
   8.2307062e-01
   8.2693999e-01
   8.3101319e-01
   8.3526335e-01
   8.3966272e-01
   8.4418239e-01
   8.4879212e-01
   8.5346012e-01
   8.5815302e-01
   8.6283602e-01
   8.6747308e-01
   8.7202751e-01
   8.7646252e-01
   8.8074216e-01
   8.8483226e-01
   8.8870157e-01
   8.9232287e-01
   8.9567424e-01
   8.9874006e-01
   9.0151212e-01
   9.0399035e-01
   9.0618344e-01
   9.0810910e-01
   9.0979397e-01
   9.1127315e-01
   9.1258936e-01
   9.1379157e-01
   9.1493333e-01
   9.1607066e-01
   9.1725961e-01
   9.1855365e-01
   9.2000084e-01
   9.2164106e-01
   9.2350337e-01
   9.2560362e-01
   9.2794254e-01
   9.3050434e-01
   9.3325599e-01
   9.3614719e-01
   9.3911108e-01
   9.4206568e-01
   9.4491598e-01
   9.4755667e-01
   9.4987520e-01
   9.5175537e-01
   9.5308102e-01
   9.5373987e-01
   9.5362744e-01
   9.5265071e-01
   9.5073181e-01
   9.4781134e-01
   9.4385143e-01
   9.3883847e-01
   9.3278546e-01
   9.2573381e-01
   9.1775481e-01
   9.0895032e-01
   8.9945286e-01
   8.8942491e-01
   8.7905721e-01
   8.6856597e-01
   8.5818879e-01
   8.4817924e-01
   8.3879989e-01
   8.3031398e-01
   8.2297576e-01
   8.1702010e-01
   8.1265174e-01
   8.1003521e-01
   8.0928621e-01
   8.1046537e-01
   8.1357502e-01
   8.1855955e-01
   8.2530902e-01
   8.3366593e-01
   8.4343408e-01
   8.5438892e-01
   8.6628834e-01
   8.7888308e-01
   8.9192636e-01
   9.0518217e-01
   9.1843213e-01
   9.3148090e-01
   9.4416013e-01
   9.5633113e-01
   9.6788629e-01
   9.7874954e-01
   9.8887578e-01
   9.9824946e-01
   1.0068824e+00
   1.0148110e+00
   1.0220926e+00
   1.0288012e+00
   1.0350234e+00
   1.0408531e+00
   1.0463861e+00
   1.0517155e+00
   1.0569261e+00
   1.0620900e+00
   1.0672621e+00
   1.0724767e+00
   1.0777451e+00
   1.0830540e+00
   1.0883648e+00
   1.0936147e+00
   1.0987181e+00
   1.1035692e+00
   1.1080458e+00
   1.1120127e+00
   1.1153267e+00
   1.1178409e+00
   1.1194094e+00
   1.1198921e+00
   1.1191586e+00
   1.1170928e+00
   1.1135960e+00
   1.1085905e+00
   1.1020222e+00
   1.0938629e+00
   1.0841123e+00
   1.0727991e+00
   1.0599821e+00
   1.0457504e+00
   1.0302237e+00
   1.0135514e+00
   9.9591136e-01
   9.7750846e-01
   9.5857174e-01
   9.3935117e-01
   9.2011331e-01
   9.0113601e-01
   8.8270192e-01
   8.6509091e-01
   8.4857152e-01
   8.3339161e-01
   8.1976872e-01
   8.0788076e-01
   7.9785777e-01
   7.8977565e-01
   7.8365246e-01
   7.7944800e-01
   7.7706663e-01
   7.7636326e-01
   7.7715184e-01
   7.7921546e-01
   7.8231729e-01
   7.8621124e-01
   7.9065190e-01
   7.9540303e-01
   8.0024458e-01
   8.0497794e-01
   8.0942972e-01
   8.1345404e-01
   8.1693362e-01
   8.1977982e-01
   8.2193185e-01
   8.2335533e-01
   8.2404019e-01
   8.2399828e-01
   8.2326051e-01
   8.2187382e-01
   8.1989785e-01
   8.1740160e-01
   8.1445995e-01
   8.1115028e-01
   8.0754908e-01
   8.0372889e-01
   7.9975543e-01
   7.9568508e-01
   7.9156290e-01
   7.8742111e-01
   7.8327809e-01
   7.7913804e-01
   7.7499126e-01
   7.7081483e-01
   7.6657403e-01
   7.6222399e-01
   7.5771182e-01
   7.5297893e-01
   7.4796356e-01
   7.4260336e-01
   7.3683794e-01
   7.3061144e-01
   7.2387491e-01
   7.1658864e-01
   7.0872426e-01
   7.0026678e-01
   6.9121643e-01
   6.8159041e-01
   6.7142450e-01
   6.6077455e-01
   6.4971781e-01
   6.3835417e-01
   6.2680701e-01
   6.1522378e-01
   6.0377597e-01
   5.9265834e-01
   5.8208701e-01
   5.7229615e-01
   5.6353290e-01
   5.5605030e-01
   5.5009815e-01
   5.4591199e-01
   5.4370101e-01
   5.4363577e-01
   5.4583727e-01
   5.5036873e-01
   5.5723129e-01
   5.6636410e-01
   5.7764873e-01
   5.9091700e-01
   6.0596104e-01
   6.2254415e-01
   6.4041142e-01
   6.5929924e-01
   6.7894333e-01
   6.9908512e-01
   7.1947666e-01
   7.3988413e-01
   7.6009042e-01
   7.7989685e-01
   7.9912423e-01
   8.1761356e-01
   8.3522632e-01
   8.5184458e-01
   8.6737081e-01
   8.8172756e-01
   8.9485688e-01
   9.0671969e-01
   9.1729478e-01
   9.2657776e-01
   9.3457970e-01
   9.4132564e-01
   9.4685284e-01
   9.5120890e-01
   9.5444971e-01
   9.5663730e-01
   9.5783766e-01
   9.5811850e-01
   9.5754726e-01
   9.5618909e-01
   9.5410534e-01
   9.5135224e-01
   9.4798008e-01
   9.4403302e-01
   9.3954932e-01
   9.3456238e-01
   9.2910228e-01
   9.2319808e-01
   9.1688058e-01
   9.1018570e-01
   9.0315826e-01
   8.9585593e-01
   8.8835343e-01
   8.8074644e-01
   8.7315532e-01
   8.6572796e-01
   8.5864174e-01
   8.5210395e-01
   8.4635044e-01
   8.4164185e-01
   8.3825735e-01
   8.3648552e-01
   8.3661255e-01
   8.3890824e-01
   8.4361072e-01
   8.5091114e-01
   8.6093987e-01
   8.7375568e-01
   8.8933907e-01
   9.0759040e-01
   9.2833259e-01
   9.5131798e-01
   9.7623806e-01
   1.0027349e+00
   1.0304134e+00
   1.0588528e+00
   1.0876176e+00
   1.1162674e+00
   1.1443650e+00
   1.1714837e+00
   1.1972127e+00
   1.2211628e+00
   1.2429701e+00
   1.2622996e+00
   1.2788483e+00
   1.2923477e+00
   1.3025662e+00
   1.3093108e+00
   1.3124290e+00
   1.3118100e+00
   1.3073856e+00
   1.2991316e+00
   1.2870679e+00
   1.2712592e+00
   1.2518147e+00
   1.2288885e+00
   1.2026788e+00
   1.1734275e+00
   1.1414192e+00
   1.1069797e+00
   1.0704752e+00
   1.0323094e+00
   9.9292175e-01
   9.5278346e-01
   9.1239336e-01
   8.7227162e-01
   8.3295152e-01
   7.9496827e-01
   7.5884421e-01
   7.2507005e-01
   6.9408199e-01
   6.6623599e-01
   6.4178143e-01
   6.2083809e-01
   6.0338118e-01
   5.8923853e-01
   5.7810268e-01
   5.6955688e-01
   5.6311165e-01
   5.5824614e-01
   5.5444893e-01
   5.5125381e-01
   5.4826862e-01
   5.4519652e-01
   5.4185059e-01
   5.3816287e-01
   5.3418875e-01
   5.3010709e-01
   5.2621566e-01
   5.2292045e-01
   5.2071714e-01
   5.2016275e-01
   5.2183663e-01
   5.2629222e-01
   5.3400456e-01
   5.4532134e-01
   5.6042669e-01
   5.7932454e-01
   6.0184370e-01
   6.2766086e-01
   6.5633455e-01
   6.8734235e-01
   7.2011527e-01
   7.5406626e-01
   7.8861184e-01
   8.2318759e-01
   8.5725867e-01
   8.9032673e-01
   9.2193434e-01
   9.5166785e-01
   9.7915921e-01
   1.0040871e+00
   1.0261778e+00
   1.0452056e+00
   1.0609928e+00
   1.0734102e+00
   1.0823766e+00
   1.0878584e+00
   1.0898687e+00
   1.0884669e+00
   1.0837568e+00
   1.0758853e+00
   1.0650405e+00
   1.0514490e+00
   1.0353735e+00
   1.0171094e+00
   9.9698101e-01
   9.7533705e-01
   9.5254577e-01
   9.2898906e-01
   9.0505576e-01
   8.8113417e-01
   8.5760371e-01
   8.3482584e-01
   8.1313462e-01
   7.9282726e-01
   7.7415541e-01
   7.5731793e-01
   7.4245606e-01
   7.2965169e-01
   7.1892944e-01
   7.1026249e-01
   7.0358181e-01
   6.9878817e-01
   6.9576542e-01
   6.9439405e-01
   6.9456348e-01
   6.9618228e-01
   6.9918537e-01
   7.0353788e-01
   7.0923557e-01
   7.1630199e-01
   7.2478264e-01
   7.3473691e-01
   7.4622846e-01
   7.5931482e-01
   7.7403736e-01
   7.9041218e-01
   8.0842289e-01
   8.2801572e-01
   8.4909721e-01
   8.7153438e-01
   8.9515726e-01
   9.1976326e-01
   9.4512288e-01
   9.7098625e-01
   9.9709008e-01
   1.0231645e+00
   1.0489399e+00
   1.0741525e+00
   1.0985508e+00
   1.1218993e+00
   1.1439836e+00
   1.1646136e+00
   1.1836259e+00
   1.2008868e+00
   1.2162929e+00
   1.2297730e+00
   1.2412876e+00
   1.2508295e+00
   1.2584223e+00
   1.2641197e+00
   1.2680031e+00
   1.2701797e+00
   1.2707793e+00
   1.2699509e+00
   1.2678594e+00
   1.2646808e+00
   1.2605986e+00
   1.2557986e+00
   1.2504648e+00
   1.2447749e+00
   1.2388959e+00
   1.2329811e+00
   1.2271665e+00
   1.2215688e+00
   1.2162840e+00
   1.2113871e+00
   1.2069327e+00
   1.2029563e+00
   1.1994766e+00
   1.1964987e+00
   1.1940168e+00
   1.1920185e+00
   1.1904880e+00
   1.1894088e+00
   1.1887674e+00
